h	Energy	error	Magnet	error	Specific_heat	error	Susceptibility	error
0.81	2.98223	4.91527e-06	0.875577	1.19322e-05	-2.68267	0.00360794	6.4018	0.00100354
0.82	2.99634	4.91881e-06	0.869198	1.24087e-05	-2.78688	0.00352587	6.80293	0.00105947
0.83	3.01178	5.01464e-06	0.865427	1.28522e-05	-2.93227	0.00365766	7.04338	0.00110066
0.84	3.02561	4.91971e-06	0.858682	1.31316e-05	-2.76351	0.00362038	7.64123	0.00119009
0.85	3.04094	5.11262e-06	0.851774	1.36072e-05	-2.78445	0.00371184	8.09421	0.00123932
0.86	3.05573	5.14247e-06	0.845731	1.42411e-05	-3.32414	0.00361372	8.60675	0.00131145
0.87	3.07102	5.13967e-06	0.838285	1.46681e-05	-2.76836	0.00373637	9.19235	0.00136855
0.88	3.086	5.20824e-06	0.83126	1.49808e-05	-2.70145	0.00372777	9.70744	0.00140559
0.89	3.10075	5.13414e-06	0.820662	1.6204e-05	-2.52452	0.00380151	10.4505	0.00149467
0.9	3.11574	5.31115e-06	0.814147	1.61891e-05	-2.83354	0.00385325	11.0174	0.00153387
0.91	3.13124	5.16002e-06	0.80275	1.75317e-05	-3.07308	0.00371662	12.0411	0.00164
0.92	3.14711	5.25041e-06	0.795371	1.77532e-05	-2.53624	0.0038341	12.5905	0.00169227
0.93	3.16254	5.33005e-06	0.785308	1.85746e-05	-2.92563	0.00387393	13.5939	0.00177427
0.94	3.17803	5.30992e-06	0.771441	1.90871e-05	-3.14424	0.00385434	14.5239	0.00178798
0.95	3.19369	5.43048e-06	0.757229	2.0057e-05	-2.95879	0.00386943	15.6269	0.00183219
0.96	3.20979	5.52658e-06	0.740776	2.14321e-05	-3.01088	0.00386115	16.8002	0.00189733
0.97	3.22568	5.55815e-06	0.728412	2.16454e-05	-3.17589	0.00392028	17.6998	0.00186676
0.98	3.24207	5.47333e-06	0.713311	2.23501e-05	-3.082	0.00400419	18.6123	0.0018602
0.99	3.25783	5.59772e-06	0.696845	2.31583e-05	-3.3593	0.004036	19.6337	0.00183167
1	3.27478	5.61078e-06	0.680536	2.33114e-05	-3.49456	0.00391507	20.6039	0.00180962
1.01	3.29113	5.64718e-06	0.666589	2.34758e-05	-3.592	0.00393233	21.3712	0.00177759
1.02	3.30793	5.81457e-06	0.646761	2.43276e-05	-3.41266	0.00402088	22.0898	0.00169773
1.03	3.32401	5.58923e-06	0.630774	2.38889e-05	-3.84486	0.00405737	23.0081	0.0016748
1.04	3.34142	5.82623e-06	0.612453	2.42362e-05	-4.18438	0.00401237	23.529	0.00164191
1.05	3.35864	5.71546e-06	0.59924	2.42173e-05	-3.7795	0.00406456	24.0753	0.00159417
1.06	3.37543	5.82441e-06	0.584144	2.3762e-05	-3.75702	0.00410023	24.1749	0.00150213
1.07	3.39275	5.9342e-06	0.572735	2.3663e-05	-3.80953	0.00412874	24.5806	0.001506
1.08	3.41008	5.92121e-06	0.556961	2.30479e-05	-3.83181	0.00418205	24.7923	0.0014875
1.09	3.42657	5.9578e-06	0.54329	2.32265e-05	-3.46486	0.00429757	24.9936	0.00145364
1.1	3.44388	6.00095e-06	0.531964	2.24233e-05	-3.50662	0.00433952	25.002	0.00141973
1.11	3.46103	6.05455e-06	0.518763	2.19878e-05	-3.93807	0.00423848	24.7176	0.00137123
1.12	3.47948	6.03741e-06	0.509392	2.18033e-05	-3.8753	0.00424327	24.7632	0.00138275
1.13	3.49577	6.13218e-06	0.497117	2.13762e-05	-4.28061	0.00420888	24.7868	0.00139382
1.14	3.51312	6.20043e-06	0.488441	2.10241e-05	-4.09705	0.00440923	24.5985	0.00138182
1.15	3.53087	6.19049e-06	0.476894	2.01329e-05	-4.56734	0.0043932	24.3574	0.00135854
1.16	3.54902	6.21611e-06	0.468481	1.98456e-05	-3.99769	0.00441147	23.9439	0.00133999
1.17	3.5659	6.2429e-06	0.460832	1.98638e-05	-4.20919	0.0044289	24.0268	0.00138037
1.18	3.5843	6.24395e-06	0.452867	1.88885e-05	-3.63493	0.00445318	23.7451	0.00133831
1.19	3.60184	6.30689e-06	0.443037	1.90722e-05	-4.36747	0.00452176	23.363	0.00136855
1.2	3.61887	6.36129e-06	0.437339	1.85252e-05	-4.50054	0.00446132	23.1795	0.00137466
