64	0.0799681	4.38008e-07	0.799098	0.00107517
128	0.159937	6.28794e-07	0.7551	0.00117014
256	0.319866	9.72695e-07	0.754773	0.0010749
512	0.639693	1.64749e-06	0.72738	0.00123989
1024	1.2792	3.44527e-06	0.70753	0.00126096
2048	2.55561	1.91137e-05	0.719747	0.00127639
4096	3.28141	0.000152573	0.72537	0.0010053
8192	3.28178	0.000136353	0.726216	0.000970966
16384	3.28146	0.000149417	0.724869	0.000968806
32768	3.28146	0.000153226	0.726425	0.000966964
65536	3.28123	0.000156005	0.726911	0.000964568
131072	3.28149	0.000156479	0.727516	0.000959778
262144	3.28139	0.000156434	0.726144	0.000964181
524288	3.28151	0.000157339	0.725499	0.00096365
