64	0.0199979	5.96309e-08	0.25231	0.000407024
128	0.0399961	7.80201e-08	0.312612	0.000604813
256	0.079992	1.11798e-07	0.434136	0.000899585
512	0.159984	1.64077e-07	0.546034	0.00113098
1024	0.319966	2.44471e-07	0.682553	0.00107401
2048	0.639924	4.06118e-07	0.649096	0.00116438
4096	1.2798	8.59954e-07	0.685966	0.00100939
8192	2.55887	4.9269e-06	0.678195	0.000988593
16384	3.27375	7.4714e-05	0.614748	0.000909966
32768	3.27384	6.79911e-05	0.612994	0.000891005
65536	3.2738	7.41513e-05	0.611913	0.00089203
131072	3.27373	7.68307e-05	0.612407	0.000887325
262144	3.27381	7.74334e-05	0.612984	0.000890268
524288	3.2738	7.77941e-05	0.613957	0.000889086
