h	Energy	error	Magnet	error	Specific_heat	error	Susceptibility	error
0.81	2.98226	1.15e-06	0.875214	4.24768e-06	-1.00307	0.00421591	6.52499	0.000640192
0.82	2.99676	1.1691e-06	0.869774	4.45132e-06	-1.2894	0.00416187	6.94839	0.000689643
0.83	3.01138	1.18415e-06	0.863571	4.72607e-06	-1.52012	0.00415614	7.43951	0.000756537
0.84	3.02615	1.18071e-06	0.858086	4.82439e-06	-1.53714	0.00418767	7.95238	0.000891721
0.85	3.04092	1.17561e-06	0.85193	4.90833e-06	-1.33715	0.00420927	8.38168	0.000877596
0.86	3.05583	1.18864e-06	0.845745	5.11757e-06	-0.932396	0.00428165	9.03088	0.00102663
0.87	3.0707	1.17991e-06	0.837894	5.46604e-06	-1.23261	0.00419165	9.84617	0.00131049
0.88	3.08576	1.19309e-06	0.830332	5.62573e-06	-1.40821	0.00432867	10.6436	0.00137308
0.89	3.10081	1.2027e-06	0.821478	5.9921e-06	-0.800002	0.00430581	11.5819	0.00159261
0.9	3.11602	1.20848e-06	0.81213	6.44122e-06	-1.28088	0.0043165	13.1298	0.00205093
0.91	3.13112	1.21287e-06	0.801021	6.94261e-06	-1.79573	0.00424633	15.1802	0.00305408
0.92	3.14662	1.22117e-06	0.788773	7.5795e-06	-1.27268	0.00433598	17.7254	0.0037347
0.93	3.16215	1.2146e-06	0.775485	8.44622e-06	-1.90289	0.00424713	21.3958	0.00485664
0.94	3.17756	1.2546e-06	0.756937	9.81205e-06	-1.23993	0.00442082	27.8107	0.00613062
0.95	3.19322	1.2487e-06	0.735289	1.16459e-05	-1.4191	0.00441572	37.1293	0.00810848
0.96	3.20891	1.25063e-06	0.702808	1.41217e-05	-1.44548	0.00447687	51.6684	0.00985778
0.97	3.22482	1.2925e-06	0.66569	1.63261e-05	-1.20767	0.00448639	68.8286	0.0108049
0.98	3.24057	1.27463e-06	0.616833	1.89579e-05	-1.49588	0.0043734	89.6328	0.011159
0.99	3.25681	1.29906e-06	0.55408	2.08685e-05	-1.27758	0.00445365	108.598	0.0103405
1	3.273	1.3098e-06	0.487904	2.13322e-05	-1.72361	0.00445136	119.699	0.00882314
1.01	3.2894	1.30317e-06	0.424578	2.00044e-05	-1.68051	0.00451543	120.852	0.00772571
1.02	3.30602	1.34879e-06	0.36877	1.79841e-05	-1.21529	0.00443581	113.643	0.00718579
1.03	3.32282	1.33258e-06	0.325504	1.54251e-05	-1.62803	0.00443983	102.536	0.00685971
1.04	3.33961	1.35492e-06	0.289461	1.29522e-05	-1.29193	0.00456084	90.445	0.00641505
1.05	3.35658	1.34872e-06	0.261649	1.13014e-05	-1.22616	0.00454233	79.0584	0.00574725
1.06	3.37348	1.41021e-06	0.241581	9.82465e-06	-1.74806	0.00448937	70.5805	0.00515231
1.07	3.39072	1.41322e-06	0.225073	8.87772e-06	-1.44586	0.0044927	63.0298	0.0046319
1.08	3.40793	1.44107e-06	0.212281	8.25571e-06	-1.93043	0.00444466	57.1045	0.00414424
1.09	3.42535	1.47595e-06	0.202308	7.59517e-06	-2.17067	0.00436232	53.0259	0.00390598
1.1	3.44295	1.50021e-06	0.193234	7.14832e-06	-1.64101	0.00441359	48.9861	0.00355384
1.11	3.46031	1.51903e-06	0.185672	6.60744e-06	-1.47851	0.00438879	45.7373	0.00339694
1.12	3.47782	1.55213e-06	0.180098	6.37514e-06	-2.04225	0.00444912	42.9004	0.00309875
1.13	3.49535	1.56844e-06	0.175126	6.26361e-06	-2.20788	0.00434177	40.8707	0.00295114
1.14	3.51277	1.61366e-06	0.170322	6.03304e-06	-1.7068	0.00429784	39.0294	0.00287449
1.15	3.53061	1.60853e-06	0.165704	5.74585e-06	-2.2776	0.00431143	37.1114	0.00273236
1.16	3.54827	1.63857e-06	0.161871	5.65396e-06	-1.79849	0.00432485	35.3979	0.00260801
1.17	3.5661	1.65993e-06	0.158977	5.51402e-06	-2.6795	0.00427676	34.6443	0.00254069
1.18	3.5838	1.67668e-06	0.155479	5.38407e-06	-2.45212	0.00432495	32.9041	0.00238192
1.19	3.60188	1.73748e-06	0.152527	5.31236e-06	-2.72618	0.00440233	32.0653	0.00238158
1.2	3.61971	1.75849e-06	0.150392	5.19514e-06	-2.46749	0.00444347	30.8838	0.00225099
