64	0.00799967	1.43625e-08	0.695362	0.00133076
128	0.0159994	1.87478e-08	0.871078	0.000761043
256	0.0319988	2.73408e-08	0.855452	0.000992001
512	0.0639975	3.94911e-08	0.791617	0.00120612
1024	0.127995	5.76811e-08	0.603128	0.00101917
2048	0.25599	8.50291e-08	0.820889	0.00118218
4096	0.511977	1.34939e-07	0.700167	0.00129176
8192	1.02394	2.61153e-07	0.665415	0.00101371
16384	2.04779	8.7216e-07	0.728801	0.00111794
32768	3.28146	7.20153e-05	0.728287	0.00107307
65536	3.2814	4.01351e-05	0.726774	0.000971099
131072	3.28145	4.63319e-05	0.726815	0.000962046
262144	3.28145	4.84452e-05	0.727087	0.000967209
524288	3.28147	4.9008e-05	0.727387	0.000965121
