64	0.399137	5.61928e-06	0.745284	0.0011716
128	0.797996	9.80792e-06	0.783628	0.00112572
256	1.5941	2.4009e-05	0.742193	0.00117116
512	3.11452	0.000326903	0.729152	0.00119336
1024	3.2807	0.000235805	0.73163	0.000963854
2048	3.28137	0.000318272	0.728731	0.000963552
4096	3.28024	0.000336251	0.729719	0.000969159
8192	3.28067	0.000343816	0.729636	0.000965145
16384	3.28148	0.000347882	0.729068	0.00096988
32768	3.28099	0.00035	0.729591	0.000960182
65536	3.28113	0.000347719	0.729416	0.00096473
131072	3.28132	0.000346767	0.729284	0.000958837
262144	3.28089	0.000350053	0.729402	0.000961044
524288	3.28047	0.000352582	0.729519	0.000965991
