h	Energy	error	Magnet	error	Specific_heat	error	Susceptibility	error
0.81	2.98226	3.45621e-06	0.8751	8.51008e-06	-2.81793	0.00354322	6.56952	0.00090021
0.82	2.99664	3.45536e-06	0.868458	9.03999e-06	-2.58922	0.00359349	7.01317	0.00103121
0.83	3.01166	3.48039e-06	0.863534	9.15136e-06	-2.69302	0.00356247	7.49485	0.0010845
0.84	3.02614	3.45064e-06	0.858778	9.23252e-06	-2.70243	0.00357064	7.91851	0.00113628
0.85	3.04072	3.49135e-06	0.851669	9.72784e-06	-2.73431	0.00360574	8.36449	0.00117457
0.86	3.05579	3.53548e-06	0.844834	1.0401e-05	-2.60604	0.00368547	9.04325	0.00131048
0.87	3.07064	3.56993e-06	0.837515	1.07446e-05	-3.14798	0.00364865	9.63914	0.00133708
0.88	3.08549	3.5349e-06	0.829673	1.10265e-05	-2.8604	0.00371216	10.4871	0.00145999
0.89	3.10043	3.56517e-06	0.821246	1.19558e-05	-2.85187	0.00372526	11.3383	0.00168221
0.9	3.11624	3.56857e-06	0.812332	1.25203e-05	-2.76917	0.00377115	12.3954	0.00181971
0.91	3.13133	3.62907e-06	0.803773	1.27657e-05	-3.04308	0.00378262	13.2178	0.00190135
0.92	3.1466	3.68942e-06	0.791055	1.36732e-05	-2.71766	0.00371366	14.7159	0.0021189
0.93	3.16253	3.7359e-06	0.781426	1.46317e-05	-2.52641	0.00383615	15.8652	0.00227716
0.94	3.17781	3.70852e-06	0.766901	1.53209e-05	-3.51939	0.00381937	17.5035	0.00238161
0.95	3.19332	3.7047e-06	0.750227	1.67342e-05	-3.24224	0.00381797	19.8116	0.00263673
0.96	3.20878	3.75253e-06	0.733864	1.75748e-05	-2.93784	0.00382179	21.8946	0.0027818
0.97	3.2249	3.70122e-06	0.715835	1.84089e-05	-3.58012	0.00387003	24.0411	0.00292794
0.98	3.24102	3.87683e-06	0.691442	2.03331e-05	-2.7819	0.00387277	27.0146	0.00309036
0.99	3.25747	3.87167e-06	0.66812	2.10327e-05	-3.40684	0.00391627	29.5549	0.00303767
1	3.27312	3.87681e-06	0.641403	2.16614e-05	-3.24935	0.00400552	32.4887	0.00306917
1.01	3.28978	3.86744e-06	0.611946	2.26943e-05	-3.04933	0.00391263	35.3358	0.00294887
1.02	3.30632	3.98767e-06	0.582098	2.33441e-05	-2.95427	0.00393066	37.1428	0.00282775
1.03	3.32332	3.99483e-06	0.553447	2.28739e-05	-3.5155	0.0040257	38.9992	0.00267865
1.04	3.3393	4.00772e-06	0.524421	2.3129e-05	-2.8077	0.00398443	40.0819	0.00264254
1.05	3.35715	4.01144e-06	0.495786	2.25978e-05	-3.97105	0.00399685	40.6813	0.00248479
1.06	3.37367	4.02681e-06	0.473359	2.15006e-05	-3.49755	0.00415171	40.5716	0.00245344
1.07	3.39129	4.17989e-06	0.44841	2.04301e-05	-3.38947	0.00411249	40.1597	0.00242606
1.08	3.40838	4.10045e-06	0.427528	1.94068e-05	-3.89623	0.0040672	39.2927	0.00236535
1.09	3.42559	4.23706e-06	0.410462	1.85267e-05	-3.97809	0.00429282	38.4297	0.00240804
1.1	3.443	4.2036e-06	0.394907	1.75339e-05	-3.92076	0.00424331	37.531	0.00237121
1.11	3.45999	4.13528e-06	0.381944	1.66184e-05	-3.32233	0.00429877	36.0886	0.00230562
1.12	3.47786	4.19707e-06	0.368968	1.58913e-05	-3.99719	0.00421969	35.1015	0.00229418
1.13	3.495	4.22201e-06	0.357374	1.52896e-05	-3.94371	0.00422389	34.1021	0.00222526
1.14	3.51303	4.23708e-06	0.347262	1.43153e-05	-4.10018	0.00436077	32.8707	0.00217206
1.15	3.53014	4.26192e-06	0.339213	1.39987e-05	-4.27445	0.00435972	32.2663	0.00212393
1.16	3.54823	4.28197e-06	0.33146	1.33408e-05	-3.10386	0.00438309	31.3238	0.00207761
1.17	3.56614	4.30229e-06	0.324775	1.31937e-05	-4.48807	0.00439854	30.5112	0.00207929
1.18	3.5834	4.34293e-06	0.318287	1.2672e-05	-4.03079	0.00437557	29.5797	0.00205454
1.19	3.60148	4.35966e-06	0.312054	1.23449e-05	-4.54269	0.00439892	28.8782	0.00195881
1.2	3.61948	4.32747e-06	0.303863	1.17944e-05	-4.23636	0.00441423	27.8265	0.00189284
