64	0.00199998	1.90334e-09	0.267308	0.000408967
128	0.00399996	2.30831e-09	0.374449	0.000642552
256	0.00799993	3.20545e-09	0.580873	0.00119333
512	0.0159998	4.63438e-09	0.656827	0.000920714
1024	0.0319997	6.52854e-09	0.7599	0.000912542
2048	0.0639994	9.70493e-09	0.67748	0.000691873
4096	0.127999	1.39928e-08	0.702167	0.000448336
8192	0.255997	2.12969e-08	0.763889	0.000719325
16384	0.511994	3.29889e-08	0.759407	0.000525218
32768	1.02399	6.43559e-08	0.734522	0.000590292
65536	2.04795	2.1638e-07	0.72582	0.000684729
131072	3.27385	3.60154e-05	0.611378	0.000955767
262144	3.27377	2.00625e-05	0.61178	0.000887967
524288	3.27377	2.31213e-05	0.612409	0.000886818
