h	Energy	error	Magnet	error	Specific_heat	error	Susceptibility	error
0.81	2.98221	2.25321e-06	0.874989	6.02237e-06	-1.69958	0.00362697	6.48357	0.000705643
0.82	2.99702	2.2739e-06	0.86957	6.21208e-06	-2.01963	0.00359304	6.94879	0.000762454
0.83	3.01144	2.28946e-06	0.864067	6.44795e-06	-2.28349	0.00367531	7.44745	0.000868094
0.84	3.02594	2.31898e-06	0.858438	6.78797e-06	-2.01937	0.00362921	7.88805	0.000926194
0.85	3.04119	2.25816e-06	0.851968	7.03634e-06	-2.65115	0.00363499	8.3994	0.00100034
0.86	3.05584	2.29699e-06	0.844306	7.30631e-06	-2.38616	0.00373205	9.12292	0.00110874
0.87	3.07079	2.32031e-06	0.837608	7.65043e-06	-2.00381	0.00366578	9.80103	0.00118517
0.88	3.08576	2.33945e-06	0.830752	7.92712e-06	-2.47089	0.00369878	10.512	0.00130153
0.89	3.10052	2.3732e-06	0.82185	8.3701e-06	-2.33479	0.00366132	11.4086	0.00147972
0.9	3.11618	2.35263e-06	0.812426	8.91402e-06	-2.08587	0.00376589	12.4975	0.00162084
0.91	3.13118	2.36965e-06	0.802225	9.38285e-06	-2.65007	0.00369342	13.7698	0.00186174
0.92	3.14674	2.40664e-06	0.7918	9.90606e-06	-2.84464	0.00373215	15.2972	0.0021482
0.93	3.16207	2.45209e-06	0.778656	1.06003e-05	-2.70301	0.00378384	17.0997	0.00244107
0.94	3.17782	2.4446e-06	0.764392	1.17304e-05	-2.85371	0.00383367	19.7534	0.00303946
0.95	3.19344	2.49128e-06	0.745879	1.28435e-05	-2.54727	0.0037972	23.2428	0.0034409
0.96	3.20929	2.47893e-06	0.724818	1.3959e-05	-2.81075	0.00384807	27.3105	0.00393852
0.97	3.22479	2.44279e-06	0.700051	1.62512e-05	-2.5215	0.00387743	33.2118	0.0047047
0.98	3.24096	2.53053e-06	0.666692	1.82785e-05	-3.01871	0.00382234	40.2173	0.00511897
0.99	3.25674	2.5604e-06	0.632317	1.99149e-05	-3.32994	0.00391962	47.6537	0.00539683
1	3.27283	2.53868e-06	0.590456	2.10845e-05	-2.50917	0.00391699	55.1114	0.00527171
1.01	3.28958	2.6408e-06	0.543691	2.2185e-05	-2.96058	0.00390132	60.9801	0.00492803
1.02	3.30577	2.57477e-06	0.496053	2.22233e-05	-2.66234	0.00402736	65.0211	0.00463805
1.03	3.32287	2.64898e-06	0.449679	2.10542e-05	-3.42378	0.00392971	66.3721	0.00412923
1.04	3.33942	2.67327e-06	0.408034	1.97065e-05	-3.51972	0.0039723	64.9805	0.00408572
1.05	3.35658	2.64106e-06	0.374397	1.79473e-05	-2.92802	0.00401226	62.1714	0.00404588
1.06	3.37382	2.71798e-06	0.344145	1.63049e-05	-2.78495	0.00408589	58.358	0.00396867
1.07	3.39094	2.6956e-06	0.324268	1.45306e-05	-3.00196	0.00407545	55.2981	0.00381006
1.08	3.40806	2.72418e-06	0.305327	1.30112e-05	-3.50755	0.00400094	51.4286	0.00362427
1.09	3.42535	2.7157e-06	0.290369	1.22339e-05	-3.29405	0.0040861	48.7899	0.00348204
1.1	3.44278	2.75971e-06	0.276077	1.11602e-05	-3.54712	0.00409075	45.4942	0.0032409
1.11	3.46025	2.79315e-06	0.266524	1.06144e-05	-3.795	0.00410248	43.2542	0.00312265
1.12	3.47776	2.73754e-06	0.256799	9.88278e-06	-3.31723	0.00416121	40.8698	0.00293767
1.13	3.49513	2.82534e-06	0.24902	9.65208e-06	-2.92394	0.00419432	39.024	0.00280426
1.14	3.51275	2.87407e-06	0.243185	9.39829e-06	-3.7388	0.00425407	37.5862	0.00272177
1.15	3.53045	2.86627e-06	0.235656	8.80992e-06	-3.65958	0.00427222	35.4916	0.00258691
1.16	3.54847	2.88624e-06	0.230281	8.67505e-06	-3.53145	0.00427964	34.4173	0.00249081
1.17	3.56605	2.87722e-06	0.225788	8.30451e-06	-3.55822	0.00436084	33.2326	0.00242896
1.18	3.58397	2.89833e-06	0.221693	8.06466e-06	-3.52988	0.00440965	31.9285	0.00230928
1.19	3.60174	2.88728e-06	0.217191	7.75595e-06	-4.87831	0.00422769	31.1202	0.00222538
1.2	3.61968	2.92551e-06	0.21278	7.60678e-06	-3.93741	0.00444203	29.8728	0.00215813
