64	0.0999461	6.82439e-07	0.249039	0.000413761
128	0.199895	9.42024e-07	0.326961	0.000568317
256	0.39978	1.44916e-06	0.436281	0.000938093
512	0.799493	2.50609e-06	0.57315	0.00110242
1024	1.59851	6.17126e-06	0.622628	0.00107571
2048	3.16385	0.000155623	0.629241	0.00104676
4096	3.27333	0.000115303	0.640759	0.000848651
8192	3.27312	0.000158221	0.640407	0.000847736
16384	3.2734	0.000166172	0.639625	0.000845141
32768	3.27325	0.000170047	0.639913	0.00084455
65536	3.27338	0.000173049	0.639149	0.000845102
131072	3.27328	0.000172856	0.640352	0.000849748
262144	3.27327	0.000174032	0.640838	0.000843581
524288	3.2734	0.000174231	0.639582	0.000852421
